1763437348.700000 0.698382
1763437348.800000 0.803817
1763437348.900000 0.901549
1763437349.000000 0.999311
1763437349.100000 1.070769
1763437349.200000 1.148318
1763437349.300000 1.187573
1763437349.400000 1.244628
1763437349.500000 1.298668
1763437349.600000 1.312613
1763437349.700000 1.330246
1763437349.800000 1.329472
1763437349.900000 1.333927
1763437350.000000 1.324466
1763437350.100000 1.322991
1763437350.200000 1.331935
1763437350.300000 1.345446
1763437350.400000 1.348607
1763437350.500000 1.353310
1763437350.600000 1.370858
1763437350.700000 1.393081
1763437350.800000 1.385767
1763437350.900000 1.378073
1763437351.000000 1.385036
1763437351.100000 1.387471
1763437351.200000 1.403694
1763437351.300000 1.413386
1763437351.400000 1.431342
1763437351.500000 1.441370
1763437351.600000 1.440116
1763437351.700000 1.447161
1763437351.800000 1.448115
1763437351.900000 1.434562
1763437352.000000 1.431363
1763437352.100000 1.420984
1763437352.200000 1.424265
1763437352.300000 1.438422
1763437352.400000 1.441454
1763437352.500000 1.463229
1763437352.600000 1.484690
1763437352.700000 1.510753
1763437352.800000 1.549068
1763437352.900000 1.571081
1763437353.000000 1.602856
1763437353.100000 1.624724
1763437353.200000 1.647219
1763437353.300000 1.681028
1763437353.400000 1.708895
1763437353.500000 1.738863
1763437353.600000 1.797274
1763437353.700000 1.847640
1763437353.800000 1.892505
1763437353.900000 1.952158
1763437354.000000 2.001376
1763437354.100000 2.062075
1763437354.200000 2.123457
1763437354.300000 2.194679
1763437354.400000 2.251689
1763437354.500000 2.312584
1763437354.600000 2.368336
1763437354.700000 2.434626
1763437354.800000 2.499659
1763437354.900000 2.568684
1763437355.000000 2.651097
1763437355.100000 2.730934
1763437355.200000 2.810682
1763437355.300000 2.896962
1763437355.400000 2.980293
1763437355.500000 3.049883
1763437355.600000 3.132355
1763437355.700000 3.205384
1763437355.800000 3.283629
1763437355.900000 3.361593
1763437356.000000 3.438940
1763437356.100000 3.535923
1763437356.200000 3.633015
1763437356.300000 3.724300
1763437356.400000 3.813637
1763437356.500000 3.897272
1763437356.600000 3.996947
1763437356.700000 4.081693
1763437356.800000 4.163842
1763437356.900000 4.254588
1763437357.000000 4.354872
1763437357.100000 4.451238
1763437357.200000 4.547460
1763437357.300000 4.647252
1763437357.400000 4.741219
1763437357.500000 4.841085
1763437357.600000 4.939752
1763437357.700000 5.030808
1763437357.800000 5.136910
1763437357.900000 5.236379
1763437358.000000 5.335286
1763437358.100000 5.442395
1763437358.200000 5.548614
1763437358.300000 5.652608
1763437358.400000 5.746008
1763437358.500000 5.847388
1763437358.600000 5.936292
1763437358.700000 6.035432
1763437358.800000 6.140703
1763437358.900000 6.232630
1763437359.000000 6.327217
1763437359.100000 6.412047
1763437359.200000 6.506754
1763437359.300000 6.599028
1763437359.400000 6.706487
1763437359.500000 6.801996
1763437359.600000 6.876697
1763437359.700000 6.962118
1763437359.800000 7.050361
1763437359.900000 7.129351
1763437360.000000 7.213726
1763437360.100000 7.290176
1763437360.200000 7.395485
1763437360.300000 7.467359
1763437360.400000 7.576459
1763437360.500000 7.653643
1763437360.600000 7.741702
1763437360.700000 7.845327
1763437360.800000 7.960497
1763437360.900000 8.046919
1763437361.000000 8.153667
1763437361.100000 8.256032
1763437361.200000 8.342054
1763437361.300000 8.438242
1763437361.400000 8.527623
1763437361.500000 8.636310
1763437361.600000 8.728696
1763437361.700000 8.849663
1763437361.800000 8.954320
1763437361.900000 9.047395
1763437362.000000 9.141493
1763437362.100000 9.261614
1763437362.200000 9.362027
1763437362.300000 9.462082
1763437362.400000 9.569067
1763437362.500000 9.677350
1763437362.600000 9.779519
1763437362.700000 9.872433
1763437362.800000 9.965885
1763437362.900000 10.058004
1763437363.000000 10.150606
1763437363.100000 10.247083
1763437363.200000 10.353718
1763437363.300000 10.457862
1763437363.400000 10.550008
1763437363.500000 10.641976
1763437363.600000 10.737002
1763437363.700000 10.843079
1763437363.900000 11.034063
1763437364.000000 11.127301
1763437364.100000 11.233639
1763437364.200000 11.340370
1763437364.300000 11.444185
1763437364.400000 11.548605
1763437364.500000 11.658902
1763437364.600000 11.763574
1763437364.700000 11.867073
1763437364.800000 11.980648
1763437364.900000 12.107594
1763437365.000000 12.212463
1763437365.100000 12.318516
1763437365.200000 12.434857
1763437365.300000 12.548965
1763437365.400000 12.663201
1763437365.500000 12.777249
1763437365.600000 12.889081
1763437365.700000 12.991202
1763437365.800000 13.122293
1763437365.900000 13.224329
1763437366.000000 13.336149
1763437366.100000 13.450572
1763437366.200000 13.552256
1763437366.300000 13.664088
1763437366.400000 13.779102
1763437366.500000 13.881374
1763437366.600000 13.976433
1763437366.700000 14.088593
1763437366.800000 14.193629
1763437366.900000 14.318447
1763437367.000000 14.430978
1763437367.100000 14.543987
1763437367.200000 14.667443
1763437367.300000 14.779940
1763437367.400000 14.904349
1763437367.500000 15.028269
1763437367.600000 15.140136
1763437367.700000 15.252864
1763437367.800000 15.375867
1763437367.900000 15.486695
1763437368.000000 15.621920
1763437368.100000 15.734713
1763437368.200000 15.847603
1763437368.400000 16.051247
1763437368.500000 16.163238
1763437368.600000 16.257069
1763437368.700000 16.368539
1763437368.800000 16.477641
1763437368.900000 16.637123
1763437369.000000 16.761890
1763437369.100000 16.899375
1763437369.200000 17.002038
1763437369.300000 17.080680
1763437369.400000 17.204234
1763437369.500000 17.307632
1763437369.600000 17.429786
1763437369.700000 17.541440
1763437369.800000 17.691984
1763437369.900000 17.803273
1763437370.000000 17.903716
1763437370.100000 18.024005
1763437370.200000 18.127584
1763437370.300000 18.227887
1763437370.400000 18.340597
1763437370.500000 18.442358
1763437370.600000 18.550200
1763437370.700000 18.582196
1763437370.800000 18.694666
1763437370.900000 18.803892
1763437371.000000 18.902591
1763437371.100000 19.002345
1763437371.200000 19.094132
1763437371.300000 19.195077
1763437371.400000 19.296229
1763437371.500000 19.395837
1763437371.600000 19.486493
1763437371.700000 19.597965
1763437371.800000 19.700385
1763437371.900000 19.791539
1763437372.000000 19.891293
1763437372.100000 19.990344
1763437372.200000 20.100285
1763437372.300000 20.212905
1763437372.400000 20.324764
1763437372.500000 20.426508
1763437372.600000 20.549366
1763437372.700000 20.670853
1763437372.800000 20.793475
1763437372.900000 20.907483
1763437373.000000 21.028283
1763437373.100000 21.150765
1763437373.200000 21.270461
1763437373.300000 21.392587
1763437373.400000 21.496699
1763437373.500000 21.620762
1763437373.600000 21.743820
1763437373.700000 21.875320
1763437373.800000 21.988263
1763437373.900000 22.111911
1763437374.000000 22.245525
1763437374.100000 22.377960
1763437374.200000 22.500099
1763437374.300000 22.622147
1763437374.400000 22.735730
1763437374.500000 22.859445
1763437374.600000 22.993472
1763437374.700000 23.106728
1763437374.800000 23.228957
1763437374.900000 23.352078
1763437375.000000 23.466302
1763437375.100000 23.579226
1763437375.200000 23.690862
1763437375.400000 23.933510
1763437375.600000 24.189605
1763437375.700000 24.291793
1763437375.800000 24.405575
1763437375.900000 24.517025
1763437376.000000 24.640302
1763437376.100000 24.743064
1763437376.200000 24.865115
1763437376.300000 24.975724
1763437376.400000 25.078095
1763437376.500000 25.199106
1763437376.600000 25.320619
1763437376.700000 25.432831
1763437376.800000 25.545000
1763437376.900000 25.656344
1763437377.000000 25.778083
1763437377.100000 25.900859
1763437377.200000 26.024215
1763437377.300000 26.136234
1763437377.400000 26.258073
1763437377.500000 26.359814
1763437377.600000 26.472486
1763437377.700000 26.595620
1763437377.800000 26.698768
1763437377.900000 26.801665
1763437378.000000 26.904102
1763437378.100000 27.027923
1763437378.200000 27.141846
1763437378.300000 27.265094
1763437378.400000 27.367809
1763437378.500000 27.480043
1763437378.600000 27.603363
1763437378.700000 27.716533
1763437378.800000 27.840397
1763437378.900000 27.953326
1763437379.000000 28.066361
1763437379.100000 28.179618
1763437379.200000 28.303100
1763437379.300000 28.426893
1763437379.400000 28.549182
1763437379.500000 28.661502
1763437379.600000 28.783484
1763437379.700000 28.895704
1763437379.800000 29.029472
1763437379.900000 29.132605
1763437380.000000 29.245660
1763437380.100000 29.358933
1763437380.200000 29.471775
1763437380.300000 29.585610
1763437380.400000 29.709064
1763437380.500000 29.831705
1763437380.600000 29.944766
1763437380.700000 30.066874
1763437380.800000 30.180149
1763437380.900000 30.293601
1763437381.000000 30.407082
1763437381.100000 30.478609
1763437381.200000 30.529472
1763437381.300000 30.610801
1763437381.400000 30.702811
1763437381.500000 30.846997
1763437381.600000 30.960235
1763437381.700000 31.083248
1763437381.800000 31.236999
1763437381.900000 31.379538
1763437382.000000 31.493334
1763437382.100000 31.596918
1763437382.200000 31.710665
1763437382.300000 31.833313
1763437382.400000 31.947980
1763437382.500000 32.039826
1763437382.600000 32.159964
1763437382.700000 32.261112
1763437382.800000 32.355692
1763437382.900000 32.457881
1763437383.000000 32.572012
1763437383.100000 32.662298
1763437383.200000 32.753976
1763437383.300000 32.846051
1763437383.400000 32.938250
1763437383.500000 33.051154
1763437383.600000 33.152596
1763437383.700000 33.244488
1763437383.800000 33.413229
1763437383.900000 33.505316
1763437384.000000 33.608014
1763437384.100000 33.690585
1763437384.200000 33.783472
1763437384.300000 33.875899
1763437384.400000 33.958090
1763437384.500000 34.040599
1763437384.600000 34.133612
1763437384.700000 34.236928
1763437384.800000 34.328991
1763437384.900000 34.420990
1763437385.000000 34.513273
1763437385.100000 34.615820
1763437385.200000 34.708536
1763437385.300000 34.801511
1763437385.400000 34.883998
1763437385.500000 34.956046
1763437385.600000 35.028545
1763437385.700000 35.080601
1763437385.800000 35.122390
1763437385.900000 35.162685
1763437386.000000 35.182431
1763437386.100000 35.192528
1763437386.200000 35.212688
1763437386.300000 35.222895
1763437386.400000 35.233066
1763437386.500000 35.243489
1763437386.600000 35.253985
1763437386.700000 35.264049
1763437386.800000 35.274589
1763437386.900000 35.274552
1763437387.000000 35.264323
1763437387.100000 35.254177
1763437387.200000 35.253751
1763437387.300000 35.253149
1763437387.400000 35.262779
1763437387.500000 35.283577
1763437387.600000 35.324103
1763437387.700000 35.365291
1763437387.800000 35.416763
1763437387.900000 35.467619
1763437388.000000 35.539469
1763437388.100000 35.611142
1763437388.200000 35.683846
1763437388.300000 35.766226
1763437388.400000 35.848605
1763437388.500000 35.931168
1763437388.600000 36.034255
1763437388.700000 36.127280
1763437388.800000 36.230325
1763437388.900000 36.322482
1763437389.000000 36.414855
1763437389.100000 36.517265
1763437389.200000 36.619749
1763437389.300000 36.733209
1763437389.400000 36.836356
1763437389.500000 36.939014
1763437389.600000 37.052231
1763437389.700000 37.144645
1763437389.800000 37.247803
1763437389.900000 37.340170
