1763437348.599982 0.637661
1763437348.699813 0.727051
1763437348.799639 0.820115
1763437348.899488 0.908171
1763437348.999334 0.994389
1763437349.099982 1.064669
1763437349.199836 1.127718
1763437349.299675 1.177783
1763437349.399516 1.219380
1763437349.499370 1.254381
1763437349.599605 1.274574
1763437349.699436 1.286205
1763437349.799668 1.297027
1763437349.899514 1.301358
1763437349.999357 1.308733
1763437350.099982 1.315503
1763437350.199819 1.324227
1763437350.299663 1.337762
1763437350.399499 1.341826
1763437350.499333 1.346572
1763437350.599979 1.354929
1763437350.699812 1.364665
1763437350.799648 1.370100
1763437350.899487 1.377990
1763437350.999323 1.395885
1763437351.099981 1.403527
1763437351.199823 1.410537
1763437351.299659 1.426936
1763437351.399507 1.440893
1763437351.499353 1.449744
1763437351.599606 1.456702
1763437351.699426 1.458449
1763437351.799669 1.459336
1763437351.899515 1.459109
1763437351.999352 1.461474
1763437352.099604 1.459599
1763437352.199441 1.459805
1763437352.299290 1.465013
1763437352.399930 1.479246
1763437352.499779 1.500019
1763437352.599615 1.519656
1763437352.699457 1.542603
1763437352.799298 1.567363
1763437352.899938 1.582844
1763437352.999787 1.595691
1763437353.099639 1.613941
1763437353.199486 1.639823
1763437353.299334 1.665847
1763437353.399974 1.700908
1763437353.499831 1.739706
1763437353.599674 1.782926
1763437353.699531 1.828293
1763437353.799382 1.884606
1763437353.899614 1.922517
1763437353.999454 1.980582
1763437354.099296 2.049184
1763437354.199944 2.113456
1763437354.299776 2.181930
1763437354.399628 2.231575
1763437354.499469 2.277631
1763437354.599307 2.336357
1763437354.699950 2.402480
1763437354.799788 2.464902
1763437354.899636 2.545262
1763437354.999482 2.625176
1763437355.099318 2.707654
1763437355.199959 2.784220
1763437355.299807 2.869139
1763437355.399650 2.951822
1763437355.499482 3.024691
1763437355.599318 3.095807
1763437355.699960 3.172533
1763437355.799801 3.241151
1763437355.899657 3.321654
1763437355.999503 3.406269
1763437356.099360 3.498204
1763437356.199605 3.589940
1763437356.299443 3.679131
1763437356.399674 3.764302
1763437356.499514 3.847369
1763437356.599369 3.931010
1763437356.699606 4.020150
1763437356.799447 4.104132
1763437356.899287 4.193513
1763437356.999915 4.291803
1763437357.099753 4.392212
1763437357.199583 4.492204
1763437357.299426 4.584667
1763437357.399660 4.675268
1763437357.499500 4.771605
1763437357.599332 4.878224
1763437357.699963 4.984096
1763437357.799814 5.088259
1763437357.899664 5.189480
1763437357.999500 5.294886
1763437358.099335 5.397617
1763437358.199972 5.507517
1763437358.299817 5.611322
1763437358.399665 5.713558
1763437358.499504 5.810338
1763437358.599335 5.910933
1763437358.699978 6.006609
1763437358.799816 6.099259
1763437358.899651 6.193232
1763437358.999483 6.288075
1763437359.099317 6.385017
1763437359.199956 6.484481
1763437359.299792 6.582075
1763437359.399640 6.676257
1763437359.499486 6.768262
1763437359.599327 6.858020
1763437359.699948 6.950252
1763437359.799803 7.043733
1763437359.899644 7.134276
1763437359.999471 7.217798
1763437360.099303 7.311000
1763437360.199925 7.406023
1763437360.299763 7.487881
1763437360.399601 7.581110
1763437360.499460 7.671979
1763437360.599298 7.767078
1763437360.699934 7.867900
1763437360.799783 7.956864
1763437360.899628 8.060408
1763437360.999468 8.154934
1763437361.099323 8.252985
1763437361.199986 8.343735
1763437361.299817 8.448247
1763437361.399638 8.550428
1763437361.499467 8.650993
1763437361.599304 8.749011
1763437361.699949 8.850297
1763437361.799785 8.946347
1763437361.899611 9.049760
1763437361.999446 9.160468
1763437362.099299 9.259867
1763437362.199938 9.363585
1763437362.299775 9.476475
1763437362.399608 9.581280
1763437362.499430 9.668093
1763437362.599674 9.762963
1763437362.699526 9.862558
1763437362.799367 9.950567
1763437362.899622 10.054894
1763437362.999464 10.139191
1763437363.099310 10.234008
1763437363.199946 10.331766
1763437363.299782 10.427067
1763437363.399625 10.530554
1763437363.499466 10.639310
1763437363.599292 10.749331
1763437363.699939 10.853564
1763437363.799785 10.952817
1763437363.899644 11.036914
1763437363.999482 11.121903
1763437364.099336 11.213625
1763437364.199970 11.312056
1763437364.299793 11.417249
1763437364.399632 11.526424
1763437364.499474 11.635355
1763437364.599310 11.747100
1763437364.699936 11.861615
1763437364.799774 11.977892
1763437364.899620 12.087840
1763437364.999470 12.197537
1763437365.099308 12.300165
1763437365.199934 12.404409
1763437365.299771 12.516584
1763437365.399606 12.626300
1763437365.499446 12.736142
1763437365.599283 12.851794
1763437365.699911 12.964047
1763437365.799758 13.075020
1763437365.899592 13.181271
1763437365.999435 13.297112
1763437366.099659 13.409229
1763437366.199485 13.514975
1763437366.299324 13.620308
1763437366.399960 13.729946
1763437366.499782 13.837986
1763437366.599628 13.947655
1763437366.699461 14.054637
1763437366.799312 14.169244
1763437366.899953 14.282702
1763437366.999801 14.400387
1763437367.099638 14.516821
1763437367.199469 14.634044
1763437367.299318 14.753845
1763437367.399964 14.877078
1763437367.499802 14.996695
1763437367.599634 15.117039
1763437367.699475 15.232874
1763437367.799319 15.350702
1763437367.899957 15.468846
1763437367.999787 15.586548
1763437368.099612 15.704506
1763437368.199440 15.818695
1763437368.299286 15.932434
1763437368.399905 16.044083
1763437368.499749 16.154698
1763437368.599597 16.257865
1763437368.699426 16.360056
1763437368.799676 16.474135
1763437368.899518 16.584653
1763437368.999373 16.693619
1763437369.099616 16.814788
1763437369.199466 16.921891
1763437369.299296 17.032259
1763437369.399920 17.144936
1763437369.499756 17.261590
1763437369.599617 17.373518
1763437369.699452 17.477814
1763437369.799298 17.586515
1763437369.899931 17.698598
1763437369.999765 17.810007
1763437370.099615 17.921844
1763437370.199455 18.030905
1763437370.299313 18.140367
1763437370.399959 18.247534
1763437370.499796 18.360562
1763437370.599638 18.469157
1763437370.699469 18.568277
1763437370.799297 18.673368
1763437370.899935 18.774207
1763437370.999774 18.871960
1763437371.099602 18.965411
1763437371.199450 19.063403
1763437371.299294 19.157156
1763437371.399944 19.253771
1763437371.499786 19.354004
1763437371.599622 19.452468
1763437371.699467 19.550053
1763437371.799312 19.646165
1763437371.899951 19.750970
1763437371.999783 19.854733
1763437372.099626 19.962790
1763437372.199458 20.067907
1763437372.299297 20.172177
1763437372.399935 20.289196
1763437372.499779 20.408801
1763437372.599617 20.533025
1763437372.699453 20.651482
1763437372.799298 20.771483
1763437372.899935 20.885164
1763437372.999777 21.013403
1763437373.099618 21.136126
1763437373.199450 21.256909
1763437373.299299 21.377382
1763437373.399950 21.491667
1763437373.499792 21.608684
1763437373.599631 21.731430
1763437373.699458 21.855686
1763437373.799284 21.989343
1763437373.899926 22.118310
1763437373.999768 22.240068
1763437374.099619 22.357295
1763437374.199462 22.477838
1763437374.299309 22.599386
1763437374.399974 22.722749
1763437374.499832 22.841954
1763437374.599674 22.967041
1763437374.699524 23.091495
1763437374.799366 23.214056
1763437374.899608 23.328980
1763437374.999456 23.436337
1763437375.099284 23.552181
1763437375.199912 23.670793
1763437375.299755 23.791640
1763437375.399593 23.910782
1763437375.499433 24.029980
1763437375.599652 24.150361
1763437375.699494 24.266164
1763437375.799345 24.377061
1763437375.899994 24.489954
1763437375.999834 24.599828
1763437376.099678 24.711572
1763437376.199526 24.825963
1763437376.299366 24.935978
1763437376.399997 25.047752
1763437376.499834 25.158827
1763437376.599666 25.272073
1763437376.699507 25.390438
1763437376.799349 25.507024
1763437376.899985 25.624440
1763437376.999822 25.744179
1763437377.099653 25.861477
1763437377.199497 25.982965
1763437377.299351 26.101607
1763437377.399984 26.223592
1763437377.499810 26.341779
1763437377.599664 26.453473
1763437377.699492 26.565994
1763437377.799329 26.679417
1763437377.899978 26.792196
1763437377.999822 26.899517
1763437378.099670 27.012864
1763437378.199511 27.129589
1763437378.299355 27.244892
1763437378.399990 27.349588
1763437378.499822 27.455714
1763437378.599671 27.561906
1763437378.699522 27.682805
1763437378.799367 27.799557
1763437378.899616 27.925101
1763437378.999449 28.048783
1763437379.099287 28.173680
1763437379.199923 28.288807
1763437379.299770 28.406547
1763437379.399594 28.524835
1763437379.499425 28.638020
1763437379.599658 28.755848
1763437379.699498 28.876400
1763437379.799347 28.998019
1763437379.899983 29.118411
1763437379.999814 29.237802
1763437380.099643 29.357462
1763437380.199477 29.472472
1763437380.299309 29.584029
1763437380.399938 29.699900
1763437380.499789 29.815690
1763437380.599619 29.932911
1763437380.699468 30.045966
1763437380.799301 30.164836
1763437380.899956 30.282040
1763437380.999803 30.387576
1763437381.099627 30.494743
1763437381.199467 30.607431
1763437381.299309 30.719732
1763437381.399939 30.834748
1763437381.499783 30.952031
1763437381.599620 31.066274
1763437381.699470 31.180308
1763437381.799318 31.293235
1763437381.899947 31.410605
1763437381.999792 31.530377
1763437382.099612 31.645552
1763437382.199465 31.760232
1763437382.299313 31.872379
1763437382.399945 31.988788
1763437382.499772 32.098796
1763437382.599621 32.209582
1763437382.699462 32.316922
1763437382.799289 32.419496
1763437382.899919 32.512740
1763437382.999743 32.616555
1763437383.099581 32.715339
1763437383.199435 32.812871
1763437383.299662 32.911086
1763437383.399479 33.009046
1763437383.499311 33.113004
1763437383.599947 33.213126
1763437383.699792 33.312351
1763437383.799647 33.407627
1763437383.899491 33.506118
1763437383.999333 33.600294
1763437384.099971 33.688090
1763437384.199804 33.773539
1763437384.299636 33.860149
1763437384.399473 33.947044
1763437384.499324 34.030351
1763437384.599959 34.123017
1763437384.699801 34.217706
1763437384.799653 34.318449
1763437384.899508 34.413090
1763437384.999356 34.510735
1763437385.099600 34.612408
1763437385.199443 34.708882
1763437385.299284 34.797829
1763437385.399917 34.876376
1763437385.499766 34.944284
1763437385.599603 35.004614
1763437385.699432 35.058538
1763437385.799283 35.094853
1763437385.899918 35.123626
1763437385.999765 35.145127
1763437386.099615 35.158006
1763437386.199448 35.179114
1763437386.299282 35.201794
1763437386.399932 35.222205
1763437386.499780 35.239992
1763437386.599617 35.270577
1763437386.699448 35.272659
1763437386.799300 35.260381
1763437386.899950 35.254533
1763437386.999782 35.245482
1763437387.099628 35.238716
1763437387.199470 35.235247
1763437387.299308 35.235099
1763437387.399939 35.249696
1763437387.499785 35.276576
1763437387.599620 35.312883
1763437387.699468 35.352196
1763437387.799306 35.399830
1763437387.899943 35.457393
1763437387.999770 35.524162
1763437388.099607 35.595431
1763437388.199437 35.669619
1763437388.299677 35.747990
1763437388.399514 35.827433
1763437388.499369 35.913359
1763437388.599600 36.006076
1763437388.699446 36.102275
1763437388.799297 36.196234
1763437388.899943 36.290708
1763437388.999791 36.386564
1763437389.099623 36.489830
1763437389.199463 36.592933
1763437389.299300 36.698386
1763437389.399940 36.807890
1763437389.499784 36.917454
1763437389.599635 37.018970
1763437389.699471 37.112281
1763437389.799312 37.210175
1763437389.899950 37.312631
1763437389.999787 37.416234
1763437390.099639 37.513697
1763437390.199491 37.618758
